{
 "cells": [
  {
   "cell_type": "code",
   "execution_count": 38,
   "id": "04c32112",
   "metadata": {},
   "outputs": [],
   "source": [
    "import pandas as pd\n",
    "import numpy as np\n",
    "import statsmodels.api as sm\n",
    "import statsmodels.formula.api as smf"
   ]
  },
  {
   "cell_type": "code",
   "execution_count": 11,
   "id": "af865673",
   "metadata": {},
   "outputs": [],
   "source": [
    "ich_df = pd.read_csv('ich_df.csv', index_col=0)"
   ]
  },
  {
   "cell_type": "code",
   "execution_count": 22,
   "id": "2b98d01a",
   "metadata": {},
   "outputs": [
    {
     "data": {
      "text/html": [
       "<div>\n",
       "<style scoped>\n",
       "    .dataframe tbody tr th:only-of-type {\n",
       "        vertical-align: middle;\n",
       "    }\n",
       "\n",
       "    .dataframe tbody tr th {\n",
       "        vertical-align: top;\n",
       "    }\n",
       "\n",
       "    .dataframe thead th {\n",
       "        text-align: right;\n",
       "    }\n",
       "</style>\n",
       "<table border=\"1\" class=\"dataframe\">\n",
       "  <thead>\n",
       "    <tr style=\"text-align: right;\">\n",
       "      <th></th>\n",
       "      <th>법정동</th>\n",
       "      <th>PM10</th>\n",
       "      <th>PM2.5</th>\n",
       "      <th>geometry</th>\n",
       "    </tr>\n",
       "  </thead>\n",
       "  <tbody>\n",
       "    <tr>\n",
       "      <th>0</th>\n",
       "      <td>관고동</td>\n",
       "      <td>479.455026</td>\n",
       "      <td>304.123442</td>\n",
       "      <td>POLYGON ((127.4130852581061 37.28077156276455,...</td>\n",
       "    </tr>\n",
       "    <tr>\n",
       "      <th>1</th>\n",
       "      <td>대월면</td>\n",
       "      <td>528.801093</td>\n",
       "      <td>325.486416</td>\n",
       "      <td>POLYGON ((127.4999361911967 37.2488748154083, ...</td>\n",
       "    </tr>\n",
       "    <tr>\n",
       "      <th>2</th>\n",
       "      <td>마장면</td>\n",
       "      <td>451.532835</td>\n",
       "      <td>285.375261</td>\n",
       "      <td>POLYGON ((127.357444653244 37.29163811120132, ...</td>\n",
       "    </tr>\n",
       "    <tr>\n",
       "      <th>3</th>\n",
       "      <td>모가면</td>\n",
       "      <td>386.963496</td>\n",
       "      <td>248.556514</td>\n",
       "      <td>POLYGON ((127.451706757398 37.20523272862907, ...</td>\n",
       "    </tr>\n",
       "    <tr>\n",
       "      <th>4</th>\n",
       "      <td>백사면</td>\n",
       "      <td>458.998071</td>\n",
       "      <td>290.043916</td>\n",
       "      <td>POLYGON ((127.4724728866764 37.35992090055768,...</td>\n",
       "    </tr>\n",
       "  </tbody>\n",
       "</table>\n",
       "</div>"
      ],
      "text/plain": [
       "   법정동        PM10       PM2.5  \\\n",
       "0  관고동  479.455026  304.123442   \n",
       "1  대월면  528.801093  325.486416   \n",
       "2  마장면  451.532835  285.375261   \n",
       "3  모가면  386.963496  248.556514   \n",
       "4  백사면  458.998071  290.043916   \n",
       "\n",
       "                                            geometry  \n",
       "0  POLYGON ((127.4130852581061 37.28077156276455,...  \n",
       "1  POLYGON ((127.4999361911967 37.2488748154083, ...  \n",
       "2  POLYGON ((127.357444653244 37.29163811120132, ...  \n",
       "3  POLYGON ((127.451706757398 37.20523272862907, ...  \n",
       "4  POLYGON ((127.4724728866764 37.35992090055768,...  "
      ]
     },
     "execution_count": 22,
     "metadata": {},
     "output_type": "execute_result"
    }
   ],
   "source": [
    "ich_df.head()"
   ]
  },
  {
   "cell_type": "code",
   "execution_count": 25,
   "id": "5bb99684",
   "metadata": {
    "scrolled": false
   },
   "outputs": [
    {
     "data": {
      "text/html": [
       "<div>\n",
       "<style scoped>\n",
       "    .dataframe tbody tr th:only-of-type {\n",
       "        vertical-align: middle;\n",
       "    }\n",
       "\n",
       "    .dataframe tbody tr th {\n",
       "        vertical-align: top;\n",
       "    }\n",
       "\n",
       "    .dataframe thead th {\n",
       "        text-align: right;\n",
       "    }\n",
       "</style>\n",
       "<table border=\"1\" class=\"dataframe\">\n",
       "  <thead>\n",
       "    <tr style=\"text-align: right;\">\n",
       "      <th></th>\n",
       "      <th>법정동</th>\n",
       "      <th>PM10</th>\n",
       "      <th>PM2.5</th>\n",
       "      <th>geometry</th>\n",
       "    </tr>\n",
       "  </thead>\n",
       "  <tbody>\n",
       "    <tr>\n",
       "      <th>13</th>\n",
       "      <td>중리동</td>\n",
       "      <td>511.466445</td>\n",
       "      <td>326.908348</td>\n",
       "      <td>POLYGON ((127.4290654014656 37.27318234596399,...</td>\n",
       "    </tr>\n",
       "    <tr>\n",
       "      <th>1</th>\n",
       "      <td>대월면</td>\n",
       "      <td>528.801093</td>\n",
       "      <td>325.486416</td>\n",
       "      <td>POLYGON ((127.4999361911967 37.2488748154083, ...</td>\n",
       "    </tr>\n",
       "    <tr>\n",
       "      <th>14</th>\n",
       "      <td>증포동</td>\n",
       "      <td>477.537510</td>\n",
       "      <td>316.287639</td>\n",
       "      <td>POLYGON ((127.4449997392173 37.28716170355557,...</td>\n",
       "    </tr>\n",
       "    <tr>\n",
       "      <th>17</th>\n",
       "      <td>호법면</td>\n",
       "      <td>548.112953</td>\n",
       "      <td>316.145933</td>\n",
       "      <td>POLYGON ((127.4253949051285 37.24994900091018,...</td>\n",
       "    </tr>\n",
       "    <tr>\n",
       "      <th>9</th>\n",
       "      <td>신둔면</td>\n",
       "      <td>521.763716</td>\n",
       "      <td>310.128552</td>\n",
       "      <td>POLYGON ((127.447881780045 37.35311449417583, ...</td>\n",
       "    </tr>\n",
       "    <tr>\n",
       "      <th>10</th>\n",
       "      <td>안흥동</td>\n",
       "      <td>507.140176</td>\n",
       "      <td>307.972386</td>\n",
       "      <td>POLYGON ((127.4494391894382 37.27703548816376,...</td>\n",
       "    </tr>\n",
       "    <tr>\n",
       "      <th>0</th>\n",
       "      <td>관고동</td>\n",
       "      <td>479.455026</td>\n",
       "      <td>304.123442</td>\n",
       "      <td>POLYGON ((127.4130852581061 37.28077156276455,...</td>\n",
       "    </tr>\n",
       "    <tr>\n",
       "      <th>11</th>\n",
       "      <td>율면</td>\n",
       "      <td>475.479947</td>\n",
       "      <td>299.507682</td>\n",
       "      <td>POLYGON ((127.5376364153979 37.10521987217484,...</td>\n",
       "    </tr>\n",
       "    <tr>\n",
       "      <th>15</th>\n",
       "      <td>진리동</td>\n",
       "      <td>512.000750</td>\n",
       "      <td>294.228911</td>\n",
       "      <td>POLYGON ((127.4457902312647 37.26816511701637,...</td>\n",
       "    </tr>\n",
       "    <tr>\n",
       "      <th>4</th>\n",
       "      <td>백사면</td>\n",
       "      <td>458.998071</td>\n",
       "      <td>290.043916</td>\n",
       "      <td>POLYGON ((127.4724728866764 37.35992090055768,...</td>\n",
       "    </tr>\n",
       "    <tr>\n",
       "      <th>2</th>\n",
       "      <td>마장면</td>\n",
       "      <td>451.532835</td>\n",
       "      <td>285.375261</td>\n",
       "      <td>POLYGON ((127.357444653244 37.29163811120132, ...</td>\n",
       "    </tr>\n",
       "    <tr>\n",
       "      <th>7</th>\n",
       "      <td>설성면</td>\n",
       "      <td>452.007583</td>\n",
       "      <td>275.550872</td>\n",
       "      <td>POLYGON ((127.5170318109527 37.18424461762237,...</td>\n",
       "    </tr>\n",
       "    <tr>\n",
       "      <th>8</th>\n",
       "      <td>송정동</td>\n",
       "      <td>466.047316</td>\n",
       "      <td>273.002088</td>\n",
       "      <td>POLYGON ((127.4279701092133 37.3028660505262, ...</td>\n",
       "    </tr>\n",
       "    <tr>\n",
       "      <th>5</th>\n",
       "      <td>부발읍</td>\n",
       "      <td>432.374020</td>\n",
       "      <td>272.515880</td>\n",
       "      <td>POLYGON ((127.5284132988925 37.31609391740887,...</td>\n",
       "    </tr>\n",
       "    <tr>\n",
       "      <th>16</th>\n",
       "      <td>창전동</td>\n",
       "      <td>438.357311</td>\n",
       "      <td>272.257946</td>\n",
       "      <td>POLYGON ((127.434312087091 37.28765177466277, ...</td>\n",
       "    </tr>\n",
       "    <tr>\n",
       "      <th>12</th>\n",
       "      <td>장호원읍</td>\n",
       "      <td>433.393088</td>\n",
       "      <td>269.419878</td>\n",
       "      <td>POLYGON ((127.5956834217345 37.18988423972019,...</td>\n",
       "    </tr>\n",
       "    <tr>\n",
       "      <th>6</th>\n",
       "      <td>사음동</td>\n",
       "      <td>435.286783</td>\n",
       "      <td>266.015495</td>\n",
       "      <td>POLYGON ((127.4052509426117 37.30022464042502,...</td>\n",
       "    </tr>\n",
       "    <tr>\n",
       "      <th>3</th>\n",
       "      <td>모가면</td>\n",
       "      <td>386.963496</td>\n",
       "      <td>248.556514</td>\n",
       "      <td>POLYGON ((127.451706757398 37.20523272862907, ...</td>\n",
       "    </tr>\n",
       "  </tbody>\n",
       "</table>\n",
       "</div>"
      ],
      "text/plain": [
       "     법정동        PM10       PM2.5  \\\n",
       "13   중리동  511.466445  326.908348   \n",
       "1    대월면  528.801093  325.486416   \n",
       "14   증포동  477.537510  316.287639   \n",
       "17   호법면  548.112953  316.145933   \n",
       "9    신둔면  521.763716  310.128552   \n",
       "10   안흥동  507.140176  307.972386   \n",
       "0    관고동  479.455026  304.123442   \n",
       "11    율면  475.479947  299.507682   \n",
       "15   진리동  512.000750  294.228911   \n",
       "4    백사면  458.998071  290.043916   \n",
       "2    마장면  451.532835  285.375261   \n",
       "7    설성면  452.007583  275.550872   \n",
       "8    송정동  466.047316  273.002088   \n",
       "5    부발읍  432.374020  272.515880   \n",
       "16   창전동  438.357311  272.257946   \n",
       "12  장호원읍  433.393088  269.419878   \n",
       "6    사음동  435.286783  266.015495   \n",
       "3    모가면  386.963496  248.556514   \n",
       "\n",
       "                                             geometry  \n",
       "13  POLYGON ((127.4290654014656 37.27318234596399,...  \n",
       "1   POLYGON ((127.4999361911967 37.2488748154083, ...  \n",
       "14  POLYGON ((127.4449997392173 37.28716170355557,...  \n",
       "17  POLYGON ((127.4253949051285 37.24994900091018,...  \n",
       "9   POLYGON ((127.447881780045 37.35311449417583, ...  \n",
       "10  POLYGON ((127.4494391894382 37.27703548816376,...  \n",
       "0   POLYGON ((127.4130852581061 37.28077156276455,...  \n",
       "11  POLYGON ((127.5376364153979 37.10521987217484,...  \n",
       "15  POLYGON ((127.4457902312647 37.26816511701637,...  \n",
       "4   POLYGON ((127.4724728866764 37.35992090055768,...  \n",
       "2   POLYGON ((127.357444653244 37.29163811120132, ...  \n",
       "7   POLYGON ((127.5170318109527 37.18424461762237,...  \n",
       "8   POLYGON ((127.4279701092133 37.3028660505262, ...  \n",
       "5   POLYGON ((127.5284132988925 37.31609391740887,...  \n",
       "16  POLYGON ((127.434312087091 37.28765177466277, ...  \n",
       "12  POLYGON ((127.5956834217345 37.18988423972019,...  \n",
       "6   POLYGON ((127.4052509426117 37.30022464042502,...  \n",
       "3   POLYGON ((127.451706757398 37.20523272862907, ...  "
      ]
     },
     "execution_count": 25,
     "metadata": {},
     "output_type": "execute_result"
    }
   ],
   "source": [
    "ich_df.sort_values(by=['PM2.5'], ascending=False)"
   ]
  },
  {
   "cell_type": "code",
   "execution_count": 26,
   "id": "9b4ace0d",
   "metadata": {
    "scrolled": false
   },
   "outputs": [
    {
     "data": {
      "text/html": [
       "<div>\n",
       "<style scoped>\n",
       "    .dataframe tbody tr th:only-of-type {\n",
       "        vertical-align: middle;\n",
       "    }\n",
       "\n",
       "    .dataframe tbody tr th {\n",
       "        vertical-align: top;\n",
       "    }\n",
       "\n",
       "    .dataframe thead th {\n",
       "        text-align: right;\n",
       "    }\n",
       "</style>\n",
       "<table border=\"1\" class=\"dataframe\">\n",
       "  <thead>\n",
       "    <tr style=\"text-align: right;\">\n",
       "      <th></th>\n",
       "      <th>법정동</th>\n",
       "      <th>PM10</th>\n",
       "      <th>PM2.5</th>\n",
       "      <th>geometry</th>\n",
       "    </tr>\n",
       "  </thead>\n",
       "  <tbody>\n",
       "    <tr>\n",
       "      <th>17</th>\n",
       "      <td>호법면</td>\n",
       "      <td>548.112953</td>\n",
       "      <td>316.145933</td>\n",
       "      <td>POLYGON ((127.4253949051285 37.24994900091018,...</td>\n",
       "    </tr>\n",
       "    <tr>\n",
       "      <th>1</th>\n",
       "      <td>대월면</td>\n",
       "      <td>528.801093</td>\n",
       "      <td>325.486416</td>\n",
       "      <td>POLYGON ((127.4999361911967 37.2488748154083, ...</td>\n",
       "    </tr>\n",
       "    <tr>\n",
       "      <th>9</th>\n",
       "      <td>신둔면</td>\n",
       "      <td>521.763716</td>\n",
       "      <td>310.128552</td>\n",
       "      <td>POLYGON ((127.447881780045 37.35311449417583, ...</td>\n",
       "    </tr>\n",
       "    <tr>\n",
       "      <th>15</th>\n",
       "      <td>진리동</td>\n",
       "      <td>512.000750</td>\n",
       "      <td>294.228911</td>\n",
       "      <td>POLYGON ((127.4457902312647 37.26816511701637,...</td>\n",
       "    </tr>\n",
       "    <tr>\n",
       "      <th>13</th>\n",
       "      <td>중리동</td>\n",
       "      <td>511.466445</td>\n",
       "      <td>326.908348</td>\n",
       "      <td>POLYGON ((127.4290654014656 37.27318234596399,...</td>\n",
       "    </tr>\n",
       "    <tr>\n",
       "      <th>10</th>\n",
       "      <td>안흥동</td>\n",
       "      <td>507.140176</td>\n",
       "      <td>307.972386</td>\n",
       "      <td>POLYGON ((127.4494391894382 37.27703548816376,...</td>\n",
       "    </tr>\n",
       "    <tr>\n",
       "      <th>0</th>\n",
       "      <td>관고동</td>\n",
       "      <td>479.455026</td>\n",
       "      <td>304.123442</td>\n",
       "      <td>POLYGON ((127.4130852581061 37.28077156276455,...</td>\n",
       "    </tr>\n",
       "    <tr>\n",
       "      <th>14</th>\n",
       "      <td>증포동</td>\n",
       "      <td>477.537510</td>\n",
       "      <td>316.287639</td>\n",
       "      <td>POLYGON ((127.4449997392173 37.28716170355557,...</td>\n",
       "    </tr>\n",
       "    <tr>\n",
       "      <th>11</th>\n",
       "      <td>율면</td>\n",
       "      <td>475.479947</td>\n",
       "      <td>299.507682</td>\n",
       "      <td>POLYGON ((127.5376364153979 37.10521987217484,...</td>\n",
       "    </tr>\n",
       "    <tr>\n",
       "      <th>8</th>\n",
       "      <td>송정동</td>\n",
       "      <td>466.047316</td>\n",
       "      <td>273.002088</td>\n",
       "      <td>POLYGON ((127.4279701092133 37.3028660505262, ...</td>\n",
       "    </tr>\n",
       "    <tr>\n",
       "      <th>4</th>\n",
       "      <td>백사면</td>\n",
       "      <td>458.998071</td>\n",
       "      <td>290.043916</td>\n",
       "      <td>POLYGON ((127.4724728866764 37.35992090055768,...</td>\n",
       "    </tr>\n",
       "    <tr>\n",
       "      <th>7</th>\n",
       "      <td>설성면</td>\n",
       "      <td>452.007583</td>\n",
       "      <td>275.550872</td>\n",
       "      <td>POLYGON ((127.5170318109527 37.18424461762237,...</td>\n",
       "    </tr>\n",
       "    <tr>\n",
       "      <th>2</th>\n",
       "      <td>마장면</td>\n",
       "      <td>451.532835</td>\n",
       "      <td>285.375261</td>\n",
       "      <td>POLYGON ((127.357444653244 37.29163811120132, ...</td>\n",
       "    </tr>\n",
       "    <tr>\n",
       "      <th>16</th>\n",
       "      <td>창전동</td>\n",
       "      <td>438.357311</td>\n",
       "      <td>272.257946</td>\n",
       "      <td>POLYGON ((127.434312087091 37.28765177466277, ...</td>\n",
       "    </tr>\n",
       "    <tr>\n",
       "      <th>6</th>\n",
       "      <td>사음동</td>\n",
       "      <td>435.286783</td>\n",
       "      <td>266.015495</td>\n",
       "      <td>POLYGON ((127.4052509426117 37.30022464042502,...</td>\n",
       "    </tr>\n",
       "    <tr>\n",
       "      <th>12</th>\n",
       "      <td>장호원읍</td>\n",
       "      <td>433.393088</td>\n",
       "      <td>269.419878</td>\n",
       "      <td>POLYGON ((127.5956834217345 37.18988423972019,...</td>\n",
       "    </tr>\n",
       "    <tr>\n",
       "      <th>5</th>\n",
       "      <td>부발읍</td>\n",
       "      <td>432.374020</td>\n",
       "      <td>272.515880</td>\n",
       "      <td>POLYGON ((127.5284132988925 37.31609391740887,...</td>\n",
       "    </tr>\n",
       "    <tr>\n",
       "      <th>3</th>\n",
       "      <td>모가면</td>\n",
       "      <td>386.963496</td>\n",
       "      <td>248.556514</td>\n",
       "      <td>POLYGON ((127.451706757398 37.20523272862907, ...</td>\n",
       "    </tr>\n",
       "  </tbody>\n",
       "</table>\n",
       "</div>"
      ],
      "text/plain": [
       "     법정동        PM10       PM2.5  \\\n",
       "17   호법면  548.112953  316.145933   \n",
       "1    대월면  528.801093  325.486416   \n",
       "9    신둔면  521.763716  310.128552   \n",
       "15   진리동  512.000750  294.228911   \n",
       "13   중리동  511.466445  326.908348   \n",
       "10   안흥동  507.140176  307.972386   \n",
       "0    관고동  479.455026  304.123442   \n",
       "14   증포동  477.537510  316.287639   \n",
       "11    율면  475.479947  299.507682   \n",
       "8    송정동  466.047316  273.002088   \n",
       "4    백사면  458.998071  290.043916   \n",
       "7    설성면  452.007583  275.550872   \n",
       "2    마장면  451.532835  285.375261   \n",
       "16   창전동  438.357311  272.257946   \n",
       "6    사음동  435.286783  266.015495   \n",
       "12  장호원읍  433.393088  269.419878   \n",
       "5    부발읍  432.374020  272.515880   \n",
       "3    모가면  386.963496  248.556514   \n",
       "\n",
       "                                             geometry  \n",
       "17  POLYGON ((127.4253949051285 37.24994900091018,...  \n",
       "1   POLYGON ((127.4999361911967 37.2488748154083, ...  \n",
       "9   POLYGON ((127.447881780045 37.35311449417583, ...  \n",
       "15  POLYGON ((127.4457902312647 37.26816511701637,...  \n",
       "13  POLYGON ((127.4290654014656 37.27318234596399,...  \n",
       "10  POLYGON ((127.4494391894382 37.27703548816376,...  \n",
       "0   POLYGON ((127.4130852581061 37.28077156276455,...  \n",
       "14  POLYGON ((127.4449997392173 37.28716170355557,...  \n",
       "11  POLYGON ((127.5376364153979 37.10521987217484,...  \n",
       "8   POLYGON ((127.4279701092133 37.3028660505262, ...  \n",
       "4   POLYGON ((127.4724728866764 37.35992090055768,...  \n",
       "7   POLYGON ((127.5170318109527 37.18424461762237,...  \n",
       "2   POLYGON ((127.357444653244 37.29163811120132, ...  \n",
       "16  POLYGON ((127.434312087091 37.28765177466277, ...  \n",
       "6   POLYGON ((127.4052509426117 37.30022464042502,...  \n",
       "12  POLYGON ((127.5956834217345 37.18988423972019,...  \n",
       "5   POLYGON ((127.5284132988925 37.31609391740887,...  \n",
       "3   POLYGON ((127.451706757398 37.20523272862907, ...  "
      ]
     },
     "execution_count": 26,
     "metadata": {},
     "output_type": "execute_result"
    }
   ],
   "source": [
    "ich_df.sort_values(by=['PM10'], ascending=False)"
   ]
  },
  {
   "cell_type": "code",
   "execution_count": 33,
   "id": "8c6a14d3",
   "metadata": {},
   "outputs": [],
   "source": [
    "ich_df = ich_df.drop('geometry', axis=1)"
   ]
  },
  {
   "cell_type": "code",
   "execution_count": 28,
   "id": "6393725c",
   "metadata": {},
   "outputs": [],
   "source": [
    "gdf_2020 = pd.read_csv('gdf_2020.csv')"
   ]
  },
  {
   "cell_type": "code",
   "execution_count": 35,
   "id": "6cc841a5",
   "metadata": {},
   "outputs": [],
   "source": [
    "total_df = pd.merge(gdf_2020,ich_df, how='inner', on='법정동')"
   ]
  },
  {
   "cell_type": "code",
   "execution_count": 37,
   "id": "40654233",
   "metadata": {
    "scrolled": true
   },
   "outputs": [
    {
     "data": {
      "text/html": [
       "<div>\n",
       "<style scoped>\n",
       "    .dataframe tbody tr th:only-of-type {\n",
       "        vertical-align: middle;\n",
       "    }\n",
       "\n",
       "    .dataframe tbody tr th {\n",
       "        vertical-align: top;\n",
       "    }\n",
       "\n",
       "    .dataframe thead th {\n",
       "        text-align: right;\n",
       "    }\n",
       "</style>\n",
       "<table border=\"1\" class=\"dataframe\">\n",
       "  <thead>\n",
       "    <tr style=\"text-align: right;\">\n",
       "      <th></th>\n",
       "      <th>법정동</th>\n",
       "      <th>geometry</th>\n",
       "      <th>년</th>\n",
       "      <th>제조업_기업수</th>\n",
       "      <th>건축착공_신고수</th>\n",
       "      <th>공동주택수</th>\n",
       "      <th>환경오염물질배출_사업소수</th>\n",
       "      <th>사업장폐기물배출_사업소수</th>\n",
       "      <th>PM10</th>\n",
       "      <th>PM2.5</th>\n",
       "    </tr>\n",
       "  </thead>\n",
       "  <tbody>\n",
       "    <tr>\n",
       "      <th>0</th>\n",
       "      <td>창전동</td>\n",
       "      <td>POLYGON ((127.434312087091 37.28765177466277, ...</td>\n",
       "      <td>2020</td>\n",
       "      <td>0.0</td>\n",
       "      <td>1.0</td>\n",
       "      <td>0.0</td>\n",
       "      <td>6.0</td>\n",
       "      <td>0.0</td>\n",
       "      <td>438.357311</td>\n",
       "      <td>272.257946</td>\n",
       "    </tr>\n",
       "    <tr>\n",
       "      <th>1</th>\n",
       "      <td>관고동</td>\n",
       "      <td>POLYGON ((127.4130852581061 37.28077156276455,...</td>\n",
       "      <td>2020</td>\n",
       "      <td>0.0</td>\n",
       "      <td>0.0</td>\n",
       "      <td>0.0</td>\n",
       "      <td>7.0</td>\n",
       "      <td>0.0</td>\n",
       "      <td>479.455026</td>\n",
       "      <td>304.123442</td>\n",
       "    </tr>\n",
       "    <tr>\n",
       "      <th>2</th>\n",
       "      <td>중리동</td>\n",
       "      <td>POLYGON ((127.4290654014656 37.27318234596399,...</td>\n",
       "      <td>2020</td>\n",
       "      <td>0.0</td>\n",
       "      <td>0.0</td>\n",
       "      <td>0.0</td>\n",
       "      <td>9.0</td>\n",
       "      <td>0.0</td>\n",
       "      <td>511.466445</td>\n",
       "      <td>326.908348</td>\n",
       "    </tr>\n",
       "    <tr>\n",
       "      <th>3</th>\n",
       "      <td>진리동</td>\n",
       "      <td>POLYGON ((127.4457902312647 37.26816511701637,...</td>\n",
       "      <td>2020</td>\n",
       "      <td>0.0</td>\n",
       "      <td>0.0</td>\n",
       "      <td>0.0</td>\n",
       "      <td>6.0</td>\n",
       "      <td>0.0</td>\n",
       "      <td>512.000750</td>\n",
       "      <td>294.228911</td>\n",
       "    </tr>\n",
       "    <tr>\n",
       "      <th>4</th>\n",
       "      <td>안흥동</td>\n",
       "      <td>POLYGON ((127.4494391894382 37.27703548816376,...</td>\n",
       "      <td>2020</td>\n",
       "      <td>0.0</td>\n",
       "      <td>0.0</td>\n",
       "      <td>0.0</td>\n",
       "      <td>3.0</td>\n",
       "      <td>0.0</td>\n",
       "      <td>507.140176</td>\n",
       "      <td>307.972386</td>\n",
       "    </tr>\n",
       "  </tbody>\n",
       "</table>\n",
       "</div>"
      ],
      "text/plain": [
       "   법정동                                           geometry     년  제조업_기업수  \\\n",
       "0  창전동  POLYGON ((127.434312087091 37.28765177466277, ...  2020      0.0   \n",
       "1  관고동  POLYGON ((127.4130852581061 37.28077156276455,...  2020      0.0   \n",
       "2  중리동  POLYGON ((127.4290654014656 37.27318234596399,...  2020      0.0   \n",
       "3  진리동  POLYGON ((127.4457902312647 37.26816511701637,...  2020      0.0   \n",
       "4  안흥동  POLYGON ((127.4494391894382 37.27703548816376,...  2020      0.0   \n",
       "\n",
       "   건축착공_신고수  공동주택수  환경오염물질배출_사업소수  사업장폐기물배출_사업소수        PM10       PM2.5  \n",
       "0       1.0    0.0            6.0            0.0  438.357311  272.257946  \n",
       "1       0.0    0.0            7.0            0.0  479.455026  304.123442  \n",
       "2       0.0    0.0            9.0            0.0  511.466445  326.908348  \n",
       "3       0.0    0.0            6.0            0.0  512.000750  294.228911  \n",
       "4       0.0    0.0            3.0            0.0  507.140176  307.972386  "
      ]
     },
     "execution_count": 37,
     "metadata": {},
     "output_type": "execute_result"
    }
   ],
   "source": [
    "total_df.head()"
   ]
  },
  {
   "cell_type": "code",
   "execution_count": 39,
   "id": "f9a96ed5",
   "metadata": {},
   "outputs": [
    {
     "data": {
      "text/plain": [
       "Index(['법정동', 'geometry', '년', '제조업_기업수', '건축착공_신고수', '공동주택수', '환경오염물질배출_사업소수',\n",
       "       '사업장폐기물배출_사업소수', 'PM10', 'PM2.5'],\n",
       "      dtype='object')"
      ]
     },
     "execution_count": 39,
     "metadata": {},
     "output_type": "execute_result"
    }
   ],
   "source": [
    "total_df.columns"
   ]
  },
  {
   "cell_type": "code",
   "execution_count": 40,
   "id": "f073c48a",
   "metadata": {
    "scrolled": false
   },
   "outputs": [
    {
     "name": "stderr",
     "output_type": "stream",
     "text": [
      "C:\\Users\\user\\anaconda3\\lib\\site-packages\\scipy\\stats\\stats.py:1603: UserWarning: kurtosistest only valid for n>=20 ... continuing anyway, n=18\n",
      "  warnings.warn(\"kurtosistest only valid for n>=20 ... continuing \"\n"
     ]
    },
    {
     "data": {
      "text/html": [
       "<table class=\"simpletable\">\n",
       "<caption>OLS Regression Results</caption>\n",
       "<tr>\n",
       "  <th>Dep. Variable:</th>          <td>PM10</td>       <th>  R-squared:         </th> <td>   0.470</td>\n",
       "</tr>\n",
       "<tr>\n",
       "  <th>Model:</th>                   <td>OLS</td>       <th>  Adj. R-squared:    </th> <td>   0.249</td>\n",
       "</tr>\n",
       "<tr>\n",
       "  <th>Method:</th>             <td>Least Squares</td>  <th>  F-statistic:       </th> <td>   2.124</td>\n",
       "</tr>\n",
       "<tr>\n",
       "  <th>Date:</th>             <td>Fri, 26 Nov 2021</td> <th>  Prob (F-statistic):</th>  <td> 0.132</td> \n",
       "</tr>\n",
       "<tr>\n",
       "  <th>Time:</th>                 <td>14:02:42</td>     <th>  Log-Likelihood:    </th> <td> -86.529</td>\n",
       "</tr>\n",
       "<tr>\n",
       "  <th>No. Observations:</th>      <td>    18</td>      <th>  AIC:               </th> <td>   185.1</td>\n",
       "</tr>\n",
       "<tr>\n",
       "  <th>Df Residuals:</th>          <td>    12</td>      <th>  BIC:               </th> <td>   190.4</td>\n",
       "</tr>\n",
       "<tr>\n",
       "  <th>Df Model:</th>              <td>     5</td>      <th>                     </th>     <td> </td>   \n",
       "</tr>\n",
       "<tr>\n",
       "  <th>Covariance Type:</th>      <td>nonrobust</td>    <th>                     </th>     <td> </td>   \n",
       "</tr>\n",
       "</table>\n",
       "<table class=\"simpletable\">\n",
       "<tr>\n",
       "        <td></td>           <th>coef</th>     <th>std err</th>      <th>t</th>      <th>P>|t|</th>  <th>[0.025</th>    <th>0.975]</th>  \n",
       "</tr>\n",
       "<tr>\n",
       "  <th>Intercept</th>     <td>  507.7552</td> <td>   15.594</td> <td>   32.561</td> <td> 0.000</td> <td>  473.778</td> <td>  541.732</td>\n",
       "</tr>\n",
       "<tr>\n",
       "  <th>제조업_기업수</th>       <td>    1.1599</td> <td>    0.425</td> <td>    2.730</td> <td> 0.018</td> <td>    0.234</td> <td>    2.086</td>\n",
       "</tr>\n",
       "<tr>\n",
       "  <th>건축착공_신고수</th>      <td>   23.3402</td> <td>   15.984</td> <td>    1.460</td> <td> 0.170</td> <td>  -11.486</td> <td>   58.167</td>\n",
       "</tr>\n",
       "<tr>\n",
       "  <th>공동주택수</th>         <td>  -11.8211</td> <td>   10.143</td> <td>   -1.165</td> <td> 0.266</td> <td>  -33.920</td> <td>   10.278</td>\n",
       "</tr>\n",
       "<tr>\n",
       "  <th>환경오염물질배출_사업소수</th> <td>   -4.2691</td> <td>    1.403</td> <td>   -3.043</td> <td> 0.010</td> <td>   -7.326</td> <td>   -1.213</td>\n",
       "</tr>\n",
       "<tr>\n",
       "  <th>사업장폐기물배출_사업소수</th> <td>    2.6909</td> <td>    1.580</td> <td>    1.703</td> <td> 0.114</td> <td>   -0.751</td> <td>    6.133</td>\n",
       "</tr>\n",
       "</table>\n",
       "<table class=\"simpletable\">\n",
       "<tr>\n",
       "  <th>Omnibus:</th>       <td> 1.707</td> <th>  Durbin-Watson:     </th> <td>   1.496</td>\n",
       "</tr>\n",
       "<tr>\n",
       "  <th>Prob(Omnibus):</th> <td> 0.426</td> <th>  Jarque-Bera (JB):  </th> <td>   1.189</td>\n",
       "</tr>\n",
       "<tr>\n",
       "  <th>Skew:</th>          <td>-0.611</td> <th>  Prob(JB):          </th> <td>   0.552</td>\n",
       "</tr>\n",
       "<tr>\n",
       "  <th>Kurtosis:</th>      <td> 2.699</td> <th>  Cond. No.          </th> <td>    213.</td>\n",
       "</tr>\n",
       "</table><br/><br/>Notes:<br/>[1] Standard Errors assume that the covariance matrix of the errors is correctly specified."
      ],
      "text/plain": [
       "<class 'statsmodels.iolib.summary.Summary'>\n",
       "\"\"\"\n",
       "                            OLS Regression Results                            \n",
       "==============================================================================\n",
       "Dep. Variable:                   PM10   R-squared:                       0.470\n",
       "Model:                            OLS   Adj. R-squared:                  0.249\n",
       "Method:                 Least Squares   F-statistic:                     2.124\n",
       "Date:                Fri, 26 Nov 2021   Prob (F-statistic):              0.132\n",
       "Time:                        14:02:42   Log-Likelihood:                -86.529\n",
       "No. Observations:                  18   AIC:                             185.1\n",
       "Df Residuals:                      12   BIC:                             190.4\n",
       "Df Model:                           5                                         \n",
       "Covariance Type:            nonrobust                                         \n",
       "=================================================================================\n",
       "                    coef    std err          t      P>|t|      [0.025      0.975]\n",
       "---------------------------------------------------------------------------------\n",
       "Intercept       507.7552     15.594     32.561      0.000     473.778     541.732\n",
       "제조업_기업수           1.1599      0.425      2.730      0.018       0.234       2.086\n",
       "건축착공_신고수         23.3402     15.984      1.460      0.170     -11.486      58.167\n",
       "공동주택수           -11.8211     10.143     -1.165      0.266     -33.920      10.278\n",
       "환경오염물질배출_사업소수    -4.2691      1.403     -3.043      0.010      -7.326      -1.213\n",
       "사업장폐기물배출_사업소수     2.6909      1.580      1.703      0.114      -0.751       6.133\n",
       "==============================================================================\n",
       "Omnibus:                        1.707   Durbin-Watson:                   1.496\n",
       "Prob(Omnibus):                  0.426   Jarque-Bera (JB):                1.189\n",
       "Skew:                          -0.611   Prob(JB):                        0.552\n",
       "Kurtosis:                       2.699   Cond. No.                         213.\n",
       "==============================================================================\n",
       "\n",
       "Notes:\n",
       "[1] Standard Errors assume that the covariance matrix of the errors is correctly specified.\n",
       "\"\"\""
      ]
     },
     "execution_count": 40,
     "metadata": {},
     "output_type": "execute_result"
    }
   ],
   "source": [
    "model1 = smf.ols(formula = 'PM10 ~ 제조업_기업수 + 건축착공_신고수 + 공동주택수 + 환경오염물질배출_사업소수 + 사업장폐기물배출_사업소수', data = total_df)\n",
    "result1 = model1.fit()\n",
    "result1.summary()"
   ]
  }
 ],
 "metadata": {
  "kernelspec": {
   "display_name": "Python 3",
   "language": "python",
   "name": "python3"
  },
  "language_info": {
   "codemirror_mode": {
    "name": "ipython",
    "version": 3
   },
   "file_extension": ".py",
   "mimetype": "text/x-python",
   "name": "python",
   "nbconvert_exporter": "python",
   "pygments_lexer": "ipython3",
   "version": "3.8.8"
  }
 },
 "nbformat": 4,
 "nbformat_minor": 5
}
